200
0
-1
190
-162
-1
-1
-118
60
-1
0
-1
60
-1
-1
116
-162
-1
-1
-192
200
-2
-1
190
-162
-1
-1
-118
60
-1
0
-1
60
-1
-1
116
-162
-1
-1
-192
200
-2
-1
190
-162
-1
-1
-118
60
-1
0
-1
60
-1
-1
116
-162
-1
-1
-192
200
-2
-1
190
-162
-1
-1
-118
60
-1
0
-1
60
-1
-1
116
-162
-1
-1
-192
200
-2
-1
190
-162
-1
-1
-118
60
-1
0
-1
60
-1
-1
116
-162
-1
-1
-192
200
0
-1
190
-162
-1
-1
-118
60
-1
0
0
60
-1
-1
116
-162
-1
-1
-192
200
-2
-1
190
-162
-1
-1
-118
60
-1
0
0
60
-1
-1
116
-162
-1
-1
-192
200
0
-1
190
-162
-1
-1
-118
60
-1
0
0
60
-1
-1
116
-162
-1
-1
-192
200
-2
-1
190
-162
-1
-1
-118
60
-1
0
0
60
-1
-1
116
-162
-1
-1
-192
200
-2
-1
190
-162
-1
-1
-118
60
-1
0
0
60
-1
-1
116
-162
-1
-1
-192
200
0
-1
190
-162
-1
-1
-118
60
-1
0
0
60
-1
-1
116
-162
-1
-1
-192
200
-1
-1
190
-162
-1
-1
-118
60
-1
0
0
60
-1
-1
116
-162
-1
-1
-192
200
-2
-1
190
-162
-1
-1
-118
60
-1
0
0
60
-1
-1
116
-162
-1
-1
-192
200
-1
-1
190
-162
-1
-1
-118
60
-1
0
-1
60
-1
-1
116
-162
-1
-1
-192
200
0
-1
190
-162
-1
-1
-118
60
-1
0
0
60
-1
-1
116
-162
-1
-1
-192
200
-1
-1
190
-162
-1
-1
-118
60
-1
0
0
60
-1
-1
116
-162
-1
-1
-192
200
-2
-1
190
-162
-1
-1
-118
60
-1
0
-2
60
-1
-1
116
-162
-1
-1
-192
200
-1
-1
190
-162
-1
-1
-118
60
-1
0
-1
60
-1
-1
116
-162
-1
-1
-192
200
-2
-1
190
-162
-1
-1
-118
60
-1
0
-1
60
-1
-1
116
-162
-1
-1
-192
200
-1
-1
190
-162
-1
-1
-118
60
-1
0
0
60
-1
-1
116
-162
-1
-1
-192
200
0
-1
190
-162
-1
-1
-118
60
-1
0
0
60
-1
-1
116
-162
-1
-1
-192
200
-1
-1
190
-162
-1
-1
-118
60
-1
0
-1
60
-1
-1
116
-162
-1
-1
-192
200
-1
-1
190
-162
-1
-1
-118
60
-1
0
-1
60
-1
-1
116
-162
-1
-1
-192
200
-1
-1
190
-162
-1
-1
-118
60
-1
0
-1
60
-1
-1
116
-162
-1
-1
-192
200
-2
-1
190
-162
-1
-1
-118
60
-1
0
0
60
-1
-1
116
-162
-1
-1
-192
200
-1
-1
190
-162
-1
-1
-118
60
-1
0
-1
