  -104
  -175
   103
    -3
    94
    28
    99
    13
   111
    65
    93
    58
   104
    53
   100
    59
   111
    78
   116
    79
   106
    89
   125
    88
   119
    82
    96
    97
   105
    97
   115
   100
   125
   112
   123
   111
   125
   124
   120
   116
   129
   132
   133
   135
   132
   139
   129
   149
   138
   160
   131
   196
   165
    70
   176
   140
   159
   147
   176
   160
   167
   165
   174
   173
   193
   189
   200
   208
   218
   200
   220
   227
   232
   237
   254
   250
   266
   273
   287
   293
   312
   316
   345
   345
   380
   374
   416
   405
   491
   469
   572
   523
   684
   622
   855
   748
  1147
   961
  1682
  1358
  3126
  2406
 19017
 13986
 -4865
 -3382
 -2221
 -1443
 -1455
  -871
 -1116
  -606
  -917
  -445
  -783
  -348
  -692
  -268
  -635
  -197
  -591
  -149
  -554
  -111
  -534
   -71
  -519
   -36
  -528
    -3
  -522
    28
  -539
    69
  -563
   113
  -583
   151
  -637
   217
  -690
   264
  -785
   341
  -908
   454
 -1104
   609
 -1456
   875
 -2199
  1443
 -4862
  3376
 18994
-13982
  3110
 -2404
  1676
 -1346
  1138
  -966
   865
  -756
   687
  -621
   576
  -526
   484
  -463
   437
  -413
   379
  -375
   334
  -343
   319
  -312
   289
  -289
   264
  -276
   235
  -254
   225
  -234
   217
  -228
   204
  -215
   192
  -208
   192
  -193
   179
  -178
   175
  -176
   159
  -175
   169
  -145
   172
  -143
   179
   -59
   156
  -231
   127
  -176
   132
  -153
   125
  -138
   131
  -147
   138
  -135
    95
  -109
   117
  -124
   116
  -104
   114
  -119
   121
  -108
   113
  -108
   114
  -108
   106
  -100
    98
   -87
   104
   -91
   107
   -86
    96
   -89
   100
   -84
    97
   -78
    86
   -78
    98
   -83
    86
   -77
    92
   -73
    90
   -74
   100
   -91
    63
   -61
    92
   -60
    87
   -67
    85
   -69
   101
   -64
   102
   -59
   100
   -45
   105
   -56
    92
   -61
    96
   -57
    87
   -48
    91
   -54
    84
   -45
    79
   -43
    83
   -40
    95
   -50
    95
   -43
    91
   -44
    92
   -48
    85
   -38
    97
   -37
   100
   -29
    99
   -33
    90
   -36
    75
   -14
   111
   -60
    66
   -46
    75
   -27
    78
   -38
    77
   -37
    84
   -27
    85
   -31
    88
   -32
    78
   -24
    80
   -29
    86
   -21
    82
   -16
    82
   -19
    91
   -11
    82
   -18
    91
   -25
    92
   -14
    86
   -17
    85
   -17
    78
   -19
    76
   -10
    85
   -10
    83
   -15
    78
   -18
    78
   -10
    41
   -42
    89
    -4
    87
   -15
    77
   -11
    92
    -6
    85
     1
    87
    -6
    78
    -2
    87
     7
    79
     5
    82
    -7
    80
    -1
    87
    10
    84
    -3
    92
   -10
    81
    -3
    89
     3
    87
     7
    81
     7
    90
     0
    79
    11
    90
    10
    86
     5
    78
     9
    75
    -1
    86
     2
    82
    20
    96
    18
    66
    22
    76
    14
    85
    18
    85
    31
    76
    16
    82
    25
    81
    19
    83
    21
    72
    31
    87
    24
    87
    19
    82
    22
    77
    28
    87
    26
    71
    34
    78
    23
    84
    30
    84
    27
    87
    26
    91
    32
    87
    37
    87
    33
    82
    45
    95
    37
    72
    41
    85
    42
    78
    41
    81
    46
    89
    51
    80
    51
    85
    37
    81
    56
    74
    38
    86
    53
    81
    64
    89
    52
   114
    64
    76
    50
    78
    61
    92
    65
    79
    62
    90
    57
    98
    62
    91
    56
    96
    72
    88
    75
    96
    67
    96
    65
    84
    68
   -16
  -256
   -16
  -256
